35527
60724
1667
37242
3167
1074
64771
15919
55230
20037
55963
42337
41484
61881
60838
2643
57132
51053
60491
40612
9952
53013
30302
3940
17286
19966
28680
28947
11571
4724
62847
43736
21950
8923
10771
51293
61041
26376
26916
18815
50035
16517
54617
31952
3294
13246
3303
45191
8009
42102
15
62188
15972
44025
54444
49646
22892
27453
9631
22407
7167
9949
15041
51261
17276
29450
29870
24715
27302
47602
45739
12213
43104
15510
65344
30856
13261
7238
5454
30028
21923
3752
2626
425
60621
42824
34410
65058
45433
62613
53524
43707
48609
58120
42614
31813
7552
3206
22727
42843
45692
27535
24428
32754
29657
48731
56876
64128
15906
9603
15880
54953
24886
57460
241
59625
2584
43086
5256
25544
15342
33724
3417
5936
29059
31843
38644
12408
15684
7367
44386
52610
27348
19580
48251
35613
44890
972
55640
22851
56987
28886
62575
12460
47000
53717
5917
35606
38162
19391
43239
42112
57965
62841
63169
56859
62732
50964
7189
3476
31413
62953
16929
60241
51216
57964
26833
10824
1079
16168
33954
27250
6338
43550
20984
11791
58863
65219
26441
10171
2549
8016
38790
42660
28205
35923
56523
1132
13824
37322
48035
55475
57268
5531
16460
19964
48937
44088
31996
24078
9309
51754
22746
30283
47946
64525
53018
12756
5873
36516
43779
32069
3588
3650
50343
49449
4924
21569
41196
10956
5657
21135
45759
2412
41096
36119
55512
36314
52174
55022
53184
18169
38919
55862
22797
5156
3944
38266
45883
14829
7641
64702
32622
62404
61469
32503
26622
36997
8373
18274
16983
36513
42267
42138
13390
39156
55647
18956
49017
60837
52089
58344
55241
63199
61565
13711
9416
28658
15660
16305
49562
47836
34404
33194
46796
20654
32349
41346
44250
58508
22008
45996
5833
46095
20407
5920
9313
2624
37060
49303
62113
33471
28043
49114
43604
39756
57290
27017
63338
30921
58586
34246
41781
62548
10696
7619
14088
29602
45233
28478
44878
18260
23785
24987
12371
14587
33631
52521
53408
11050
32535
30257
20629
42611
47206
51941
38611
32987
46454
441
5224
30815
27975
60647
36280
16091
51378
50333
58687
39975
43127
56154
22104
40216
59686
64488
28706
20747
18208
28255
9652
3727
6926
60836
31087
12344
9097
20909
57247
28573
49220
16422
8347
37772
34611
48557
42852
53869
10812
10611
7755
47219
34067
46189
35603
23833
64579
14392
50765
27307
18817
59616
57775
49009
27433
29689
32301
63728
50854
63330
3995
57468
5351
54911
59527
46031
26014
56947
43000
34334
16363
44187
15440
15654
36238
46858
19674
58241
52994
16591
7833
32012
58198
33810
17275
11550
7212
20079
56502
10028
7616
37084
27877
35737
14784
8266
5033
22989
11050
16031
13984
2236
52899
59895
43326
1555
12072
20816
8818
23617
57231
57153
31306
32553
36769
50293
46910
53324
23711
51558
18667
50287
57920
61608
2167
53170
14229
24086
17596
55510
3181
21243
34008
4720
7337
26725
65124
49149
20733
38781
26683
50939
42171
59429
46824
34758
22628
41074
65479
35136
64831
43098
49833
7022
30998
9240
60124
29312
36686
29104
9991
31587
42831
8967
42589
3936
9367
59959
45300
23387
31894
59775
64336
37850
26162
26569
33289
5748
47237
34352
23801
14059
22146
30413
30937
24405
30155
41305
56784
14877
38059
39759
59555
4254
3942
26438
9745
50003
52568
56991
52112
2077
23428
51590
49595
22910
47544
4063
64030
1426
29343
45670
12082
34577
29446
14910
63865
7171
45731
59013
21232
57187
44547
47055
41419
25308
3915
14485
22506
26192
42785
29732
13522
14949
2561
25496
36759
9172
9571
26162
31804
42320
56544
22570
38840
32615
65303
1304
11938
61267
32176
2481
59233
55632
63736
32728
10528
5926
7928
53369
59353
47684
44398
52243
727
14421
48770
17951
59710
56322
26324
13400
7908
32688
8676
6598
38433
16311
32029
60071
43159
2906
23281
47618
1150
33126
54328
18458
54518
30137
36640
55926
9651
39328
36342
52977
23497
45255
18004
52096
8818
18754
57200
47206
22991
17800
63117
21130
8894
32003
16161
54278
46285
426
56169
12737
7547
4367
52785
49785
43422
39814
27017
54875
36384
32509
62638
8686
25451
56084
55094
46251
23177
10948
42397
5789
23224
25733
17627
45467
50693
13731
42301
46614
49653
22419
2362
39271
2582
63487
30926
16450
29870
38069
34409
2969
4221
34237
23737
48469
46494
40916
46581
29865
54674
60055
47867
35872
34596
50733
19405
42441
11515
7788
8480
43114
37124
25447
59585
23477
65087
2963
41520
62809
21839
57385
22202
36242
37328
25518
58986
41985
60910
19108
12803
44340
12933
27010
59291
58019
43824
14303
46132
6750
15004
18638
32381
23871
45889
62139
36524
60099
40638
3895
29289
48241
12674
56319
58267
53485
11434
56237
45625
15309
48159
17634
30225
23624
65130
25580
47677
42275
21847
64471
6800
1264
5704
33274
61584
31338
54604
14760
19221
30225
45795
5573
60981
56377
39022
39699
33444
20965
44562
10565
16576
50948
1458
22897
44459
15023
9345
61372
11655
38287
57147
815
36328
17462
46892
60159
25745
21324
22314
35598
27042
4508
62252
15337
24243
19857
37286
41854
48964
52128
53108
58707
22451
32472
38000
383
65489
52125
47983
37690
29251
58241
41847
20706
33706
20440
27818
18928
39214
33730
45389
22999
1684
52719
29937
15233
7715
696
55674
5661
63769
32891
44423
58280
60380
52943
53750
14915
56979
40248
44906
29939
24210
41966
57437
1485
49275
14655
58312
37892
31497
60441
9887
822
30955
16691
13068
22530
18844
44933
2616
48910
14155
4962
64565
35242
36883
12603
4159
25533
11172
14896
51548
9372
559
2519
51148
38323
46619
32106
10643
12473
17967
36353
17292
57837
53627
324
13189
9173
55237
37520
12924
36661
45286
29212
30603
7672
59704
11427
57130
43135
45567
19537
37653
31982
57248
57341
15346
42298
54840
10176
10894
30198
60563
51833
43532
10892
61191
36544
51771
40640
38038
49005
22650
65216
35377
20642
4511
37129
42799
62014
61195
28265
29815
28689
39022
7823
19065
50064
47383
4340
23116
50656
12060
56621
16777
32970
43694
4274
42844
12572
30862
11585
33290
27096
27204
55459
18190
46447
23929
16080
33496
7520
45
20588
20824
14631
34167
1010
27277
40931
60524
40282
117
44148
54504
29050
27197
36465
10912
46421
34152
17331
59914
59637
